                            OLS Regression Results                            
==============================================================================
Dep. Variable:                      y   R-squared:                       0.156
Model:                            OLS   Adj. R-squared:                  0.105
Method:                 Least Squares   F-statistic:                     3.086
Date:                Sat, 22 Nov 2025   Prob (F-statistic):           1.94e-37
Time:                        13:01:15   Log-Likelihood:                -10395.
No. Observations:                3390   AIC:                         2.117e+04
Df Residuals:                    3198   BIC:                         2.235e+04
Df Model:                         191                                         
Covariance Type:            nonrobust                                         
==============================================================================
                 coef    std err          t      P>|t|      [0.025      0.975]
------------------------------------------------------------------------------
const         -5.4102      1.663     -3.254      0.001      -8.671      -2.150
x1             1.6586      0.678      2.446      0.015       0.329       2.988
x2             0.0351      0.005      7.714      0.000       0.026       0.044
x3            -0.0280      0.007     -4.155      0.000      -0.041      -0.015
x4            11.3883      2.702      4.215      0.000       6.090      16.686
x5             8.8923      2.290      3.883      0.000       4.402      13.382
x6             6.0467      2.065      2.928      0.003       1.998      10.095
x7             1.1418      1.928      0.592      0.554      -2.639       4.923
x8             6.2632      2.763      2.267      0.023       0.847      11.680
x9             7.6664      2.193      3.496      0.000       3.366      11.967
x10            4.6130      1.810      2.549      0.011       1.065       8.162
x11            4.2363      1.782      2.377      0.018       0.741       7.731
x12            0.8639      1.736      0.498      0.619      -2.540       4.267
x13            9.6823      2.238      4.327      0.000       5.295      14.070
x14            9.0400      2.433      3.715      0.000       4.269      13.811
x15           -0.4464      1.717     -0.260      0.795      -3.812       2.920
x16            8.9805      2.180      4.119      0.000       4.705      13.255
x17            9.6173      2.378      4.044      0.000       4.955      14.280
x18           12.1278      2.443      4.964      0.000       7.338      16.918
x19            4.5681      1.834      2.491      0.013       0.973       8.163
x20            3.1501      2.131      1.478      0.139      -1.027       7.328
x21            3.2712      2.016      1.623      0.105      -0.682       7.224
x22            5.4799      2.091      2.621      0.009       1.380       9.580
x23            5.3955      2.238      2.411      0.016       1.007       9.784
x24            4.9362      2.215      2.229      0.026       0.594       9.279
x25            7.9954      2.201      3.632      0.000       3.679      12.312
x26            7.0941      1.977      3.588      0.000       3.217      10.971
x27            4.1248      2.225      1.854      0.064      -0.237       8.486
x28            0.5499      1.999      0.275      0.783      -3.370       4.470
x29            5.5180      2.190      2.519      0.012       1.223       9.813
x30            4.9063      2.010      2.441      0.015       0.965       8.848
x31            7.4204      2.616      2.836      0.005       2.290      12.551
x32            2.5663      1.764      1.455      0.146      -0.891       6.024
x33            0.3426      1.761      0.195      0.846      -3.110       3.796
x34            4.9569      1.743      2.844      0.004       1.540       8.374
x35           12.9653      2.088      6.208      0.000       8.871      17.060
x36            8.9741      2.244      3.999      0.000       4.574      13.374
x37            9.5324      2.512      3.795      0.000       4.607      14.458
x38           12.4344      3.512      3.541      0.000       5.549      19.320
x39            4.7668      2.373      2.009      0.045       0.114       9.420
x40            8.5464      2.054      4.161      0.000       4.519      12.573
x41           12.6098      3.671      3.435      0.001       5.411      19.808
x42            4.7932      1.894      2.531      0.011       1.080       8.507
x43            5.8939      1.775      3.321      0.001       2.414       9.373
x44            5.1769      2.486      2.083      0.037       0.303      10.051
x45            2.1331      1.732      1.232      0.218      -1.262       5.529
x46            1.8328      1.716      1.068      0.286      -1.533       5.198
x47            1.5708      1.746      0.900      0.368      -1.853       4.994
x48            2.6819      2.572      1.043      0.297      -2.362       7.725
x49            5.4920      1.868      2.940      0.003       1.830       9.154
x50            0.5108      1.771      0.288      0.773      -2.961       3.983
x51            8.7534      1.997      4.383      0.000       4.837      12.670
x52            7.3943      2.294      3.223      0.001       2.897      11.892
x53            8.0096      2.120      3.777      0.000       3.852      12.167
x54            9.5722      2.424      3.949      0.000       4.819      14.325
x55            3.4493      1.754      1.967      0.049       0.010       6.888
x56            1.9222      1.711      1.124      0.261      -1.432       5.276
x57           15.2724      2.323      6.575      0.000      10.718      19.827
x58            0.9809      1.790      0.548      0.584      -2.528       4.490
x59            4.1569      2.054      2.023      0.043       0.129       8.185
x60            2.6972      1.745      1.546      0.122      -0.723       6.118
x61            1.6703      1.803      0.926      0.354      -1.865       5.206
x62            6.6523      2.335      2.849      0.004       2.074      11.230
x63            2.7003      1.754      1.539      0.124      -0.739       6.140
x64            7.2452      1.929      3.757      0.000       3.464      11.027
x65            8.7669      1.901      4.612      0.000       5.040      12.494
x66            9.8032      2.395      4.094      0.000       5.108      14.499
x67            8.1304      2.183      3.725      0.000       3.851      12.410
x68            9.7745      2.555      3.826      0.000       4.766      14.783
x69            1.9026      2.564      0.742      0.458      -3.124       6.930
x70            3.0504      1.806      1.689      0.091      -0.491       6.591
x71            7.1158      1.906      3.733      0.000       3.378      10.854
x72            8.2445      2.217      3.719      0.000       3.898      12.591
x73           18.0096      2.172      8.291      0.000      13.751      22.269
x74           -7.9991      2.145     -3.728      0.000     -12.206      -3.793
x75            6.3784      2.106      3.028      0.002       2.248      10.508
x76            3.3423      1.890      1.768      0.077      -0.363       7.048
x77            7.6418      2.416      3.163      0.002       2.905      12.379
x78            1.4514      1.736      0.836      0.403      -1.953       4.856
x79            9.4324      2.058      4.583      0.000       5.397      13.468
x80           10.6843      2.000      5.343      0.000       6.764      14.605
x81            1.4650      1.749      0.837      0.402      -1.965       4.895
x82            8.7276      2.417      3.611      0.000       3.989      13.466
x83            7.9564      2.939      2.708      0.007       2.195      13.718
x84            3.0378      1.752      1.734      0.083      -0.398       6.473
x85            6.0738      1.780      3.412      0.001       2.583       9.564
x86            3.0223      1.794      1.685      0.092      -0.495       6.540
x87            3.7025      1.898      1.951      0.051      -0.019       7.424
x88            5.0183      2.013      2.493      0.013       1.071       8.966
x89            2.9442      1.776      1.658      0.097      -0.538       6.426
x90            9.3818      2.076      4.518      0.000       5.311      13.453
x91            9.8174      2.351      4.175      0.000       5.207      14.428
x92            7.2236      2.207      3.273      0.001       2.896      11.551
x93            9.6133      2.165      4.440      0.000       5.368      13.859
x94            5.3841      1.943      2.772      0.006       1.575       9.193
x95            6.0517      1.931      3.134      0.002       2.265       9.838
x96            5.0056      1.747      2.866      0.004       1.581       8.431
x97            4.3187      2.149      2.010      0.045       0.106       8.532
x98           11.4342      2.296      4.980      0.000       6.933      15.936
x99            4.6203      2.349      1.967      0.049       0.016       9.225
x100          10.8113      2.361      4.580      0.000       6.183      15.440
x101           7.0722      2.763      2.560      0.011       1.655      12.490
x102           6.2016      1.860      3.333      0.001       2.554       9.849
x103           7.6468      2.243      3.410      0.001       3.250      12.044
x104           2.9143      2.040      1.428      0.153      -1.086       6.915
x105           3.3579      1.723      1.949      0.051      -0.020       6.736
x106          -6.1284      1.967     -3.115      0.002      -9.985      -2.272
x107           3.7125      1.736      2.138      0.033       0.308       7.117
x108           7.0688      1.722      4.104      0.000       3.692      10.446
x109           6.4380      2.135      3.016      0.003       2.252      10.624
x110           6.2120      1.999      3.108      0.002       2.293      10.131
x111           7.1015      2.128      3.336      0.001       2.928      11.275
x112           9.6295      1.967      4.897      0.000       5.774      13.485
x113           5.4300      1.985      2.735      0.006       1.538       9.322
x114           4.4941      1.945      2.310      0.021       0.680       8.308
x115           9.0124      2.462      3.661      0.000       4.186      13.839
x116           1.7385      1.835      0.947      0.343      -1.859       5.336
x117          14.2652      2.793      5.108      0.000       8.790      19.741
x118           4.3653      2.097      2.081      0.037       0.253       8.477
x119           7.9792      2.017      3.955      0.000       4.024      11.935
x120           8.6794      2.143      4.051      0.000       4.478      12.880
x121           7.5967      2.383      3.187      0.001       2.924      12.270
x122           3.7519      1.750      2.144      0.032       0.321       7.183
x123          10.0628      2.345      4.291      0.000       5.465      14.660
x124           3.9908      1.803      2.214      0.027       0.456       7.526
x125           4.4272      1.895      2.336      0.020       0.712       8.143
x126          10.6440      2.394      4.445      0.000       5.949      15.339
x127          11.5543      2.471      4.676      0.000       6.710      16.399
x128           6.5944      2.209      2.985      0.003       2.263      10.925
x129          -0.6722      1.750     -0.384      0.701      -4.103       2.758
x130           1.7338      1.777      0.976      0.329      -1.750       5.218
x131           9.4036      2.193      4.289      0.000       5.104      13.703
x132          20.5328      4.049      5.071      0.000      12.594      28.472
x133           3.2627      1.795      1.818      0.069      -0.256       6.781
x134           4.7991      1.851      2.593      0.010       1.170       8.428
x135           9.8977      2.495      3.968      0.000       5.007      14.789
x136           7.6786      1.902      4.038      0.000       3.950      11.407
x137           7.2661      2.217      3.277      0.001       2.919      11.613
x138           8.8288      2.232      3.955      0.000       4.452      13.206
x139           0.2515      1.765      0.143      0.887      -3.209       3.712
x140          10.2249      2.396      4.268      0.000       5.528      14.922
x141           5.0462      1.755      2.876      0.004       1.606       8.487
x142           2.0438      1.734      1.178      0.239      -1.357       5.444
x143           7.5632      2.155      3.509      0.000       3.337      11.789
x144           7.7045      2.170      3.551      0.000       3.450      11.959
x145           4.5981      2.028      2.267      0.023       0.622       8.574
x146           6.3989      1.877      3.409      0.001       2.719      10.079
x147           8.5153      2.202      3.866      0.000       4.197      12.833
x148          11.6476      2.062      5.649      0.000       7.605      15.690
x149           7.5719      1.997      3.791      0.000       3.656      11.488
x150           9.7376      2.595      3.752      0.000       4.649      14.826
x151           7.7376      1.980      3.907      0.000       3.854      11.621
x152          -5.0433      2.098     -2.404      0.016      -9.156      -0.931
x153           5.4151      2.408      2.249      0.025       0.693      10.137
x154           9.6028      2.288      4.197      0.000       5.117      14.089
x155           5.6489      2.170      2.603      0.009       1.394       9.903
x156          -3.5425      2.049     -1.729      0.084      -7.560       0.475
x157           4.3625      2.054      2.124      0.034       0.335       8.390
x158          -0.6067      3.122     -0.194      0.846      -6.728       5.515
x159           9.0022      2.302      3.911      0.000       4.489      13.516
x160           6.0533      2.123      2.852      0.004       1.892      10.215
x161           1.9593      1.737      1.128      0.260      -1.447       5.366
x162           1.4465      1.715      0.844      0.399      -1.915       4.808
x163           1.6686      1.766      0.945      0.345      -1.795       5.132
x164           7.6839      2.315      3.320      0.001       3.145      12.222
x165           1.6994      1.925      0.883      0.377      -2.075       5.474
x166          -0.4279      3.006     -0.142      0.887      -6.322       5.466
x167           9.4268      2.642      3.568      0.000       4.246      14.607
x168           8.4869      2.212      3.836      0.000       4.149      12.825
x169           3.7603      2.191      1.717      0.086      -0.535       8.056
x170          11.6559      2.455      4.747      0.000       6.842      16.470
x171           6.6397      2.284      2.906      0.004       2.161      11.119
x172           3.6993      1.972      1.875      0.061      -0.168       7.567
x173           7.5357      1.971      3.823      0.000       3.671      11.400
x174           4.4267      2.033      2.178      0.030       0.441       8.412
x175           9.9882      1.997      5.001      0.000       6.072      13.904
x176          10.5692      2.314      4.567      0.000       6.032      15.107
x177          10.2002      2.365      4.312      0.000       5.562      14.838
x178           2.4032      2.177      1.104      0.270      -1.865       6.671
x179           5.3242      1.858      2.865      0.004       1.681       8.968
x180           4.7221      1.782      2.651      0.008       1.229       8.215
x181          11.8594      2.500      4.743      0.000       6.957      16.762
x182           6.3001      1.861      3.386      0.001       2.651       9.949
x183           8.5874      3.431      2.503      0.012       1.861      15.314
x184           7.4637      2.044      3.652      0.000       3.457      11.470
x185           4.3475      1.823      2.385      0.017       0.773       7.922
x186           3.1780      1.877      1.693      0.091      -0.502       6.858
x187           7.3698      2.163      3.407      0.001       3.129      11.611
x188           4.6558      3.467      1.343      0.179      -2.141      11.453
x189           5.5617      1.873      2.970      0.003       1.890       9.234
x190           7.6469      2.238      3.418      0.001       3.260      12.034
x191          12.8280      2.644      4.852      0.000       7.645      18.011
==============================================================================
Omnibus:                     1358.788   Durbin-Watson:                   1.995
Prob(Omnibus):                  0.000   Jarque-Bera (JB):           303045.530
Skew:                           0.717   Prob(JB):                         0.00
Kurtosis:                      49.297   Cond. No.                     2.42e+04
==============================================================================

Notes:
[1] Standard Errors assume that the covariance matrix of the errors is correctly specified.
[2] The condition number is large, 2.42e+04. This might indicate that there are
strong multicollinearity or other numerical problems.